q_gyro=0.001
q_bias=0.00001
r_accel=30
pid_rp_p=6.5
pid_rp_i=0.06
pid_rp_d=1.6500000000000001
pid_y_p=4.5
pid_y_i=0.2
pid_y_d=0
bias_roll=-3.95
bias_pitch=1.87
bias_yaw=0