q_gyro=0.001
q_bias=0.00001
r_accel=20
pid_rp_p=1.95
pid_rp_i=0.15
pid_rp_d=0.47
pid_y_p=3.5000000000000013
pid_y_i=0.2
pid_y_d=0
bias_roll=-3.95
bias_pitch=1.87
bias_yaw=0